grandMediansOut,grandLeaguesOut
32,1
36,1
32,1
68,1
56,1
44,1
36,1
56,1
44,1
24,1
32,1
56,1
40,1
52,1
56,1
34,1
44,1
52,1
44,1
44,1
56,1
44,1
56,1
64,1
48,1
36,1
32,1
32,1
36,1
44,1
32,1
56,1
28,1
56,1
32,1
44,1
44,1
36,1
44,1
44,1
32,1
56,1
48,1
48,1
48,1
36,1
100,1
68,1
56,1
44,1
32,1
66,1
32,1
48,1
32,1
44,1
32,1
32,1
36,1
44,1
24,1
56,1
48,1
36,1
44,1
44,1
40,1
44,1
32,1
62,1
44,1
48,1
32,1
68,1
44,1
56,1
32,1
32,1
36,1
44,1
56,1
48,1
56,1
44,1
40,1
44,1
32,1
32,1
32,1
40,1
36,1
32,1
48,1
44,1
48,1
44,1
48,1
64,1
56,1
36,1
56,1
44,1
24,1
48,1
36,1
56,1
32,1
56,1
88,1
68,1
56,1
36,1
36,1
24,1
56,1
36,1
32,1
68,1
32,1
44,1
48,1
32,1
68,1
60,1
40,1
44,1
44,1
80,1
32,1
44,1
60,1
32,1
24,1
36,1
36,1
56,1
44,1
44,1
44,1
36,1
44,1
44,1
68,1
56,1
32,1
56,1
44,1
48,1
68,1
56,1
32,1
56,1
36,1
36,1
60,1
48,1
56,1
62,1
56,1
44,1
44,1
48,1
36,1
34,1
44,1
68,1
32,1
44,2
32,2
36,2
68,2
44,2
32,2
44,2
32,2
36,2
44,2
44,2
88,2
44,2
44,2
48,2
32,2
36,2
44,2
36,2
68,2
52,2
36,2
44,2
32,2
56,2
72,2
56,2
44,2
32,2
44,2
24,2
44,2
80,2
36,2
44,2
36,2
56,2
44,2
32,2
24,2
36,2
36,2
68,2
44,2
56,2
56,2
56,2
56,2
56,2
24,2
44,2
32,2
48,2
56,2
36,2
44,2
36,2
50,2
44,2
36,2
64,2
32,2
48,2
56,2
44,2
56,2
44,2
32,2
48,2
44,2
44,2
44,2
36,2
44,2
44,2
32,2
44,2
32,2
36,2
32,2
48,2
48,2
44,2
44,2
44,2
44,2
32,2
68,2
36,2
28,2
32,2
56,2
44,2
36,2
36,2
44,2
44,2
56,2
32,2
32,2
32,2
56,2
48,2
48,2
48,2
44,2
44,2
44,2
56,2
44,2
32,2
32,2
44,2
44,2
52,2
24,2
36,2
44,2
78,2
56,2
56,2
36,2
72,2
32,2
32,2
80,2
40,2
68,2
56,2
56,2
44,2
68,2
36,2
32,2
56,2
44,2
36,2
44,2
76,2
48,2
32,2
56,2
36,2
44,2
56,2
64,2
48,2
56,2
32,2
56,2
32,2
36,2
32,2
56,2
64,2
56,2
56,2
44,2
44,2
48,2
56,2
44,2
48,2
44,2
44,2
24,2
44,2
48,2
56,2
24,2
46,2
68,2
44,2
44,2
44,2
56,2
44,2
56,2
24,2
36,2
44,2
44,2
32,2
44,2
56,2
32,2
44,2
32,2
32,2
44,2
32,2
56,2
68,2
32,2
48,2
44,2
44,2
44,2
44,2
44,2
32,2
56,2
32,2
48,2
44,2
56,2
44,2
100,2
48,2
32,2
32,2
32,2
24,2
44,2
56,2
64,2
44,2
44,2
44,2
32,2
36,2
56,2
32,2
36,2
56,2
32,2
24,2
44,2
44,2
44,2
32,2
24,2
56,2
52,2
44,2
44,2
58,2
36,2
44,2
46,2
44,2
32,2
32,2
32,2
44,2
56,2
36,2
32,2
36,2
76,2
36,2
32,2
32,2
24,2
32,2
32,2
24,2
44,2
36,2
36,2
44,2
36,2
48,2
44,2
44,2
36,2
56,2
32,2
32,2
36,2
32,2
44,2
36,2
32,2
36,2
44,2
36,2
36,2
44,2
36,2
36,2
44,2
56,2
56,2
48,2
44,2
24,2
44,2
48,2
24,2
56,2
32,2
24,2
32,2
44,2
56,2
24,2
24,2
32,2
24,2
56,2
32,2
48,2
44,2
44,2
68,2
56,2
56,2
56,2
76,2
44,2
56,2
44,2
36,2
44,2
44,2
44,2
44,2
48,2
44,2
56,2
44,2
90,2
36,2
36,2
56,2
36,2
36,2
48,2
44,2
62,2
48,2
36,2
44,2
44,2
44,2
32,2
76,2
56,2
32,2
24,2
44,2
56,2
32,2
32,2
68,2
32,2
56,3
76,3
36,3
32,3
68,3
56,3
32,3
36,3
48,3
44,3
56,3
32,3
44,3
44,3
56,3
36,3
56,3
68,3
44,3
44,3
44,3
24,3
64,3
56,3
32,3
44,3
56,3
44,3
36,3
32,3
56,3
44,3
48,3
44,3
36,3
44,3
24,3
36,3
36,3
48,3
56,3
32,3
56,3
44,3
44,3
36,3
56,3
32,3
44,3
44,3
44,3
44,3
36,3
32,3
44,3
44,3
56,3
44,3
56,3
44,3
32,3
36,3
36,3
56,3
56,3
44,3
36,3
44,3
56,3
44,3
56,3
64,3
36,3
32,3
44,3
32,3
56,3
46,3
56,3
48,3
44,3
50,3
24,3
32,3
36,3
36,3
24,3
44,3
36,3
52,3
36,3
32,3
32,3
36,3
36,3
32,3
48,3
44,3
36,3
44,3
36,3
44,3
24,3
32,3
58,3
32,3
44,3
36,3
32,3
48,3
36,3
56,3
56,3
32,3
36,3
44,3
36,3
32,3
56,3
34,3
32,3
44,3
40,3
44,3
44,3
36,3
32,3
32,3
24,3
44,3
48,3
34,3
44,3
32,3
56,3
36,3
32,3
44,3
36,3
44,3
44,3
32,3
48,3
44,3
44,3
48,3
44,3
68,3
32,3
28,3
32,3
32,3
44,3
56,3
44,3
44,3
68,3
44,3
56,3
32,3
32,3
56,3
48,3
24,3
32,3
56,3
44,3
44,3
44,3
32,3
56,3
36,3
80,3
56,3
36,3
44,3
44,3
44,3
44,3
56,3
36,3
40,3
56,3
32,3
68,3
24,3
48,3
48,3
32,3
56,3
44,3
44,3
44,3
68,3
36,3
44,3
56,3
36,3
44,3
44,3
44,3
46,3
36,3
32,3
36,3
44,3
36,3
48,3
44,3
56,3
48,3
36,3
36,3
56,3
48,3
44,3
32,3
44,3
72,3
32,3
56,3
44,3
32,3
32,3
36,3
66,3
48,3
44,3
44,3
32,3
32,3
56,3
68,3
24,3
36,3
44,3
36,3
44,3
44,3
48,3
32,3
56,3
44,3
32,3
56,3
56,3
56,3
52,3
44,3
44,3
36,3
44,3
32,3
44,3
32,3
48,3
32,3
44,3
48,3
32,3
36,3
56,3
36,3
78,3
36,3
32,3
44,3
44,3
44,3
44,3
48,3
56,3
56,3
44,3
44,3
36,3
36,3
62,3
36,3
44,3
56,3
44,3
48,3
56,3
36,3
36,3
56,3
36,3
44,3
32,3
44,3
44,3
32,3
32,3
32,3
32,3
32,3
56,3
48,3
36,3
44,3
34,3
36,3
44,3
60,3
44,3
48,3
44,3
44,3
44,3
36,3
32,3
32,3
56,3
56,3
40,3
44,3
56,3
56,3
44,3
32,3
32,3
56,3
36,3
44,3
32,3
56,3
56,3
56,3
46,3
48,3
40,3
36,3
36,3
32,3
56,3
52,3
44,3
56,3
36,3
56,3
68,3
44,3
68,3
44,3
44,3
24,3
32,3
32,3
56,3
32,3
56,3
56,3
44,3
48,3
32,3
32,3
32,3
36,3
44,3
32,3
112,3
52,3
56,3
32,3
56,3
56,3
36,3
44,3
32,3
44,3
36,3
56,3
36,3
48,3
44,3
32,3
44,3
44,3
44,3
24,3
32,3
32,3
36,3
44,3
44,3
44,3
44,3
40,3
32,3
56,3
68,3
44,3
48,3
44,3
46,3
44,3
44,3
46,3
24,3
32,3
32,3
36,3
48,3
24,3
60,3
44,3
32,3
56,3
56,3
58,3
68,3
62,3
56,3
44,3
48,3
56,3
44,3
44,3
68,3
32,3
44,3
32,3
28,3
56,3
32,3
56,3
40,3
48,3
90,3
44,3
44,3
36,3
44,3
68,3
46,3
44,3
44,3
44,3
36,3
44,3
32,3
56,3
48,3
32,3
36,3
56,3
44,3
44,3
44,3
36,3
56,3
44,3
44,3
44,3
44,3
56,3
44,3
44,3
34,3
66,3
36,3
44,3
36,3
44,3
36,3
46,3
44,3
36,3
68,3
52,3
44,3
32,3
36,3
40,3
36,3
56,3
36,3
108,3
32,3
32,3
48,3
36,3
36,3
56,3
44,3
66,3
44,3
32,3
44,3
44,3
32,3
36,3
64,3
48,3
36,3
56,3
40,3
36,3
32,3
24,3
36,3
56,3
46,3
32,3
32,3
32,3
44,3
56,3
44,3
44,3
36,3
44,3
44,3
44,3
56,3
56,3
32,3
44,3
44,3
32,3
68,3
56,3
44,3
60,3
44,3
36,3
44,3
48,3
68,3
24,3
48,3
32,3
44,3
32,3
48,3
56,3
80,3
32,3
36,3
56,3
44,3
36,3
32,3
44,3
32,3
56,3
36,3
56,4
44,4
32,4
56,4
56,4
44,4
56,4
56,4
46,4
56,4
44,4
68,4
36,4
44,4
32,4
36,4
44,4
48,4
44,4
44,4
50,4
44,4
56,4
24,4
56,4
56,4
24,4
32,4
44,4
44,4
36,4
40,4
52,4
56,4
68,4
44,4
56,4
56,4
36,4
56,4
58,4
44,4
44,4
36,4
56,4
66,4
44,4
56,4
48,4
36,4
36,4
68,4
56,4
48,4
44,4
56,4
36,4
46,4
44,4
44,4
56,4
44,4
36,4
56,4
44,4
32,4
36,4
32,4
32,4
44,4
44,4
32,4
52,4
32,4
40,4
44,4
68,4
32,4
48,4
44,4
36,4
44,4
32,4
44,4
46,4
24,4
48,4
56,4
44,4
56,4
44,4
48,4
36,4
36,4
56,4
44,4
36,4
48,4
44,4
56,4
44,4
48,4
44,4
44,4
48,4
44,4
44,4
56,4
44,4
44,4
56,4
44,4
44,4
44,4
32,4
56,4
48,4
56,4
64,4
36,4
44,4
44,4
32,4
44,4
36,4
44,4
56,4
56,4
44,4
56,4
44,4
44,4
36,4
66,4
36,4
36,4
48,4
56,4
36,4
32,4
40,4
44,4
48,4
32,4
44,4
68,4
24,4
34,4
56,4
44,4
32,4
44,4
44,4
56,4
56,4
48,4
48,4
44,4
44,4
44,4
36,4
44,4
36,4
32,4
36,4
36,4
56,4
36,4
44,4
44,4
62,4
56,4
36,4
32,4
44,4
36,4
56,4
56,4
36,4
32,4
48,4
44,4
44,4
48,4
44,4
36,4
56,4
32,4
62,4
44,4
44,4
36,4
36,4
44,4
56,4
56,4
44,4
44,4
48,4
32,4
62,4
56,4
36,4
48,4
32,4
44,4
44,4
32,4
44,4
46,4
44,4
56,4
44,4
44,4
44,4
44,4
56,4
34,4
44,4
48,4
56,4
32,4
56,4
32,4
44,4
56,4
46,4
32,4
44,4
48,4
44,4
44,4
44,4
44,4
48,4
52,4
44,4
68,4
44,4
44,4
44,4
44,4
56,4
44,4
48,4
44,4
32,4
32,4
32,4
44,4
44,4
44,4
44,4
44,4
56,4
44,4
44,4
44,4
44,4
32,4
36,4
44,4
56,4
48,4
52,4
32,4
56,4
36,4
56,4
36,4
32,4
44,4
44,4
56,4
44,4
44,4
44,4
44,4
60,4
56,4
64,4
24,4
48,4
24,4
32,4
44,4
32,4
24,4
32,4
32,4
56,4
44,4
60,4
56,4
32,4
48,4
48,4
32,4
48,4
36,4
56,4
32,4
36,4
44,4
52,4
44,4
68,4
34,4
44,4
68,4
44,4
32,4
32,4
36,4
48,4
44,4
44,4
44,4
56,4
56,4
56,4
48,4
32,4
44,4
36,4
36,4
44,4
40,4
36,4
32,4
52,4
36,4
36,4
44,4
32,4
48,4
44,4
44,4
36,4
36,4
44,4
44,4
36,4
44,4
32,4
32,4
24,4
44,4
44,4
68,4
56,4
36,4
44,4
32,4
32,4
44,4
48,4
48,4
44,4
34,4
32,4
32,4
44,4
92,4
44,4
44,4
56,4
36,4
36,4
44,4
44,4
44,4
68,4
46,4
32,4
56,4
44,4
56,4
68,4
44,4
56,4
48,4
36,4
44,4
36,4
36,4
48,4
32,4
68,4
68,4
32,4
56,4
36,4
36,4
44,4
64,4
36,4
32,4
36,4
56,4
44,4
44,4
44,4
32,4
36,4
44,4
44,4
56,4
44,4
62,4
56,4
44,4
36,4
32,4
56,4
56,4
44,4
44,4
32,4
44,4
36,4
48,4
32,4
72,4
32,4
44,4
36,4
44,4
44,4
44,4
36,4
32,4
56,4
56,4
44,4
32,4
48,4
36,4
52,4
48,4
56,4
44,4
50,4
44,4
24,4
44,4
32,4
34,4
56,4
44,4
44,4
56,4
44,4
44,4
32,4
32,4
36,4
44,4
36,4
56,4
44,4
56,4
46,4
44,4
68,4
44,4
44,4
44,4
44,4
68,4
32,4
44,4
44,4
44,4
44,4
44,4
36,4
32,4
44,4
76,4
56,4
44,4
56,4
44,4
36,4
32,4
44,4
44,4
48,4
32,4
44,4
32,4
56,4
44,4
44,4
36,4
44,4
36,4
32,4
36,4
32,4
68,4
56,4
36,4
48,4
44,4
24,4
44,4
44,4
32,4
44,4
32,4
44,4
48,4
44,4
36,4
36,4
44,4
36,4
56,4
44,4
44,4
56,4
44,4
44,4
32,4
44,4
56,4
56,4
44,4
32,4
56,4
44,4
48,4
32,4
56,4
44,4
32,4
48,4
56,4
48,4
44,4
32,4
32,4
44,4
56,4
36,4
32,4
32,4
44,4
32,4
40,4
48,4
44,4
44,4
32,4
36,4
48,4
48,4
36,4
36,4
56,4
44,4
44,4
44,4
44,4
56,4
66,4
44,4
32,4
44,4
56,4
36,4
46,4
52,4
44,4
32,4
36,4
44,4
44,4
56,4
48,4
48,4
44,4
32,4
32,4
48,4
56,4
36,4
56,4
32,4
44,4
68,4
32,4
44,4
32,4
44,4
44,4
48,4
44,4
34,4
36,4
64,4
56,4
36,4
44,4
44,4
32,4
44,4
56,4
40,4
44,4
48,4
44,4
56,4
48,4
36,4
44,4
44,4
48,4
24,4
48,4
56,4
44,4
44,4
36,4
44,4
32,4
68,4
34,4
44,4
32,4
32,4
44,4
36,4
32,4
44,4
24,4
48,4
36,4
56,4
44,4
36,4
44,4
44,4
56,4
44,4
44,4
44,4
32,4
44,4
52,4
44,4
36,4
56,4
48,4
40,4
44,4
44,4
44,4
56,4
44,4
52,4
44,4
36,4
32,4
44,4
44,4
48,4
44,4
44,4
56,4
36,4
32,4
44,4
44,4
44,4
44,4
44,4
56,4
44,4
48,4
32,4
32,4
56,4
24,4
44,4
32,4
44,4
44,4
68,4
48,4
44,4
44,4
44,4
32,4
56,4
44,4
44,4
32,4
48,4
44,4
32,4
32,4
44,4
44,4
56,4
44,4
32,4
56,4
44,4
24,4
56,4
36,4
44,4
44,4
68,4
44,4
36,4
56,4
32,4
44,4
48,4
32,4
56,4
58,4
56,4
44,4
44,4
32,4
44,4
44,4
44,4
44,4
44,4
44,4
32,4
36,4
36,4
44,4
48,4
46,4
56,4
44,4
44,4
44,4
44,4
44,4
44,4
48,4
56,4
32,4
36,4
44,4
36,4
40,4
56,4
36,4
36,4
32,4
68,4
56,4
56,4
56,4
40,4
44,4
32,4
56,4
44,4
44,4
56,4
56,4
44,4
48,4
32,4
32,4
56,4
40,4
44,4
44,4
68,4
48,4
56,4
32,4
44,4
32,4
44,4
68,4
48,4
48,4
56,4
44,4
44,4
44,4
44,4
48,4
44,4
56,4
56,4
44,4
48,4
36,4
44,4
44,5
36,5
40,5
44,5
44,5
44,5
44,5
44,5
46,5
56,5
44,5
44,5
44,5
56,5
56,5
36,5
32,5
44,5
44,5
44,5
44,5
56,5
24,5
48,5
36,5
48,5
32,5
44,5
44,5
44,5
44,5
44,5
44,5
52,5
24,5
48,5
44,5
36,5
36,5
44,5
32,5
44,5
44,5
36,5
32,5
40,5
44,5
44,5
32,5
44,5
36,5
44,5
44,5
44,5
44,5
44,5
48,5
48,5
62,5
44,5
48,5
56,5
32,5
44,5
44,5
36,5
32,5
32,5
48,5
36,5
48,5
24,5
56,5
44,5
44,5
68,5
32,5
44,5
44,5
44,5
44,5
56,5
36,5
32,5
44,5
36,5
36,5
44,5
44,5
44,5
36,5
44,5
44,5
44,5
44,5
44,5
64,5
36,5
44,5
56,5
32,5
32,5
32,5
44,5
44,5
36,5
44,5
24,5
48,5
34,5
44,5
44,5
44,5
24,5
44,5
48,5
36,5
36,5
44,5
44,5
36,5
44,5
44,5
44,5
44,5
56,5
36,5
40,5
44,5
32,5
44,5
36,5
44,5
44,5
36,5
36,5
44,5
36,5
32,5
56,5
48,5
46,5
48,5
36,5
56,5
48,5
44,5
44,5
44,5
36,5
56,5
56,5
32,5
40,5
44,5
56,5
44,5
32,5
44,5
36,5
56,5
48,5
48,5
44,5
36,5
36,5
32,5
32,5
32,5
44,5
44,5
44,5
44,5
44,5
48,5
44,5
44,5
44,5
36,5
46,5
44,5
68,5
44,5
32,5
56,5
36,5
68,5
36,5
48,5
32,5
56,5
44,5
36,5
44,5
32,5
44,5
36,5
44,5
44,5
56,5
24,5
68,5
32,5
68,5
32,5
56,5
46,5
32,5
44,5
44,5
48,5
44,5
36,5
48,5
76,5
56,5
56,5
34,5
48,5
50,5
48,5
44,5
44,5
36,5
80,5
100,5
48,5
36,5
56,5
36,5
32,5
48,5
36,5
56,5
44,5
44,5
36,5
56,5
32,5
44,5
36,5
46,5
36,5
48,5
36,5
56,5
56,5
32,5
36,5
36,5
44,5
36,5
44,5
56,5
44,5
24,5
44,5
36,5
44,5
44,5
44,5
24,5
44,5
56,5
56,5
44,5
44,5
44,5
44,5
44,5
36,5
36,5
44,5
66,5
44,5
36,5
36,5
44,5
32,5
56,5
36,5
48,5
44,5
36,5
56,5
44,5
24,5
44,5
56,5
34,5
44,5
36,5
44,5
48,5
56,5
44,5
44,5
44,5
32,5
44,5
44,5
44,5
32,5
56,5
32,5
48,5
36,5
44,5
48,5
44,5
44,5
32,5
44,5
44,5
56,5
44,5
44,5
36,5
44,5
44,5
56,5
36,5
32,5
44,5
44,5
36,5
32,5
44,5
44,5
56,5
60,5
24,5
44,5
32,5
44,5
44,5
44,5
48,5
36,5
48,5
48,5
36,5
48,5
44,5
56,5
44,5
44,5
48,5
56,5
56,5
44,5
56,5
36,5
36,5
44,5
40,5
56,5
56,5
56,5
44,5
44,5
44,5
44,5
32,5
36,5
36,5
36,5
44,5
56,5
36,5
48,5
44,5
56,5
36,5
44,5
46,5
44,5
32,5
36,5
44,5
44,5
48,5
44,5
24,5
44,5
44,5
66,5
36,5
44,5
56,5
44,5
44,5
44,5
56,5
44,5
56,5
32,5
50,5
40,5
44,5
44,5
56,5
48,5
36,5
36,5
44,5
24,5
36,5
44,5
44,5
36,5
36,5
44,5
36,5
44,5
36,5
48,5
48,5
44,5
36,5
32,5
40,5
32,5
56,5
44,5
44,5
44,5
32,5
44,5
44,5
40,5
32,5
44,5
36,5
36,5
44,5
56,5
44,5
56,5
44,5
36,5
36,5
44,5
56,5
34,5
32,5
32,5
32,5
56,5
36,5
44,5
44,5
36,5
36,5
44,5
48,5
46,5
44,5
56,5
44,5
44,5
40,5
56,5
44,5
48,5
24,5
56,5
52,5
40,5
32,5
44,5
56,5
32,5
32,5
44,5
36,5
56,5
48,5
44,5
32,5
44,5
32,5
56,5
44,5
44,5
24,5
56,5
44,5
44,5
28,5
48,5
56,5
56,5
60,5
68,5
44,5
44,5
56,5
56,5
46,5
44,5
44,5
46,5
36,5
44,5
36,5
40,5
32,5
44,5
24,5
36,5
44,5
44,5
32,5
44,5
44,5
44,5
68,5
44,5
36,5
44,5
36,5
56,5
48,5
36,5
40,5
48,5
56,5
32,5
44,5
36,5
44,5
56,5
56,5
44,5
56,5
36,5
60,5
44,5
48,5
56,5
44,5
24,5
60,5
44,5
32,5
40,5
56,5
44,5
44,5
36,5
32,5
44,5
32,5
44,5
56,5
56,5
36,5
44,5
48,5
44,5
56,5
56,5
36,5
32,5
36,5
36,5
44,5
44,5
56,5
66,5
44,5
36,5
44,5
56,5
56,5
36,5
32,5
56,5
32,5
44,5
56,5
36,5
32,5
48,5
44,5
48,5
46,5
24,5
44,5
74,5
36,5
44,5
44,5
56,5
36,5
44,5
44,5
44,5
68,5
32,5
44,5
44,5
44,5
36,5
36,5
44,5
36,5
56,5
48,5
44,5
56,5
32,5
68,5
24,5
44,5
76,5
48,5
44,5
44,5
44,5
56,5
32,5
32,5
44,5
44,5
44,5
44,5
56,5
44,5
36,5
36,5
56,5
56,5
44,5
36,5
48,5
44,5
48,5
32,5
36,5
44,5
44,5
36,5
60,5
36,5
32,5
32,5
44,5
32,5
44,5
44,5
56,5
44,5
44,5
36,5
56,5
48,5
56,5
36,5
44,5
56,5
44,5
44,5
36,5
44,5
68,5
44,5
44,5
48,5
44,5
36,5
32,5
44,5
44,5
36,5
56,5
32,5
32,5
36,5
44,5
44,5
36,5
44,5
44,5
56,5
36,5
56,5
48,5
56,5
36,5
36,5
44,5
44,5
44,5
48,5
44,5
44,5
32,5
32,5
36,5
44,5
32,5
32,5
36,5
32,5
48,5
56,5
44,5
36,5
56,5
34,5
44,5
44,5
44,5
36,5
44,5
56,5
44,5
56,5
58,5
36,5
46,5
32,5
24,5
56,5
44,5
48,5
68,5
44,5
44,5
48,5
68,5
44,5
44,5
36,5
24,5
32,5
36,5
44,5
24,5
44,5
32,5
48,5
44,5
36,5
56,5
36,5
44,5
44,5
56,5
44,5
36,5
32,5
44,5
44,5
56,5
44,5
32,5
36,5
44,5
44,5
48,5
56,5
48,5
36,5
44,5
32,5
44,5
24,5
60,5
56,5
32,5
44,5
44,5
68,5
44,5
48,5
36,5
44,5
44,5
44,5
44,5
48,5
48,5
56,5
56,5
56,5
48,5
62,5
80,5
44,5
36,5
36,5
36,5
44,5
32,5
44,5
56,5
44,5
36,6
44,6
36,6
32,6
48,6
56,6
48,6
44,6
32,6
36,6
32,6
44,6
56,6
48,6
48,6
56,6
44,6
56,6
44,6
44,6
36,6
56,6
32,6
44,6
44,6
32,6
36,6
56,6
56,6
46,6
36,6
36,6
44,6
44,6
44,6
32,6
36,6
48,6
48,6
48,6
44,6
44,6
56,6
32,6
44,6
44,6
36,6
48,6
44,6
48,6
56,6
36,6
36,6
36,6
44,6
44,6
44,6
44,6
44,6
24,6
44,6
44,6
56,6
44,6
36,6
32,6
48,6
44,6
52,6
32,6
44,6
32,6
44,6
36,6
44,6
36,6
44,6
32,6
44,6
36,6
44,6
44,6
56,6
36,6
36,6
48,6
36,6
36,6
56,6
56,6
36,6
32,6
36,6
44,6
32,6
44,6
36,6
48,6
32,6
44,6
44,6
44,6
36,6
48,6
44,6
44,6
32,6
44,6
44,6
36,6
44,6
44,6
36,6
44,6
44,6
44,6
44,6
44,6
46,6
56,6
36,6
36,6
76,6
44,6
44,6
44,6
44,6
36,6
34,6
36,6
32,6
44,6
44,6
44,6
46,6
32,6
44,6
44,6
56,6
44,6
56,6
44,6
36,6
36,6
48,6
44,6
44,6
48,6
36,6
44,6
48,6
24,6
44,6
44,6
44,6
44,6
44,6
44,6
56,6
36,6
36,6
36,6
36,6
56,6
36,6
52,6
44,6
44,6
56,6
44,6
44,6
36,6
44,6
24,6
44,6
44,6
44,6
36,6
36,6
32,6
32,6
44,6
36,6
56,6
44,6
44,6
44,6
44,6
44,6
44,6
36,6
44,6
44,6
44,6
48,6
24,6
44,6
32,6
44,6
58,6
44,6
24,6
36,6
36,6
44,6
44,6
32,6
56,6
44,6
56,6
36,6
36,6
32,6
44,6
44,6
36,6
36,6
36,6
44,6
44,6
44,6
44,6
56,6
36,6
34,6
44,6
44,6
44,6
44,6
32,6
56,6
44,6
44,6
44,6
44,6
44,6
36,6
44,6
44,6
44,6
44,6
44,6
44,6
44,6
44,6
56,6
32,6
48,6
56,6
36,6
44,6
36,6
48,6
44,6
36,6
44,6
44,6
56,6
48,6
44,6
36,6
40,6
44,6
44,6
44,6
68,6
44,6
44,6
56,6
56,6
44,6
44,6
32,6
44,6
44,6
56,6
36,6
56,6
44,6
44,6
36,6
44,6
32,6
56,6
36,6
44,6
44,6
36,6
56,6
56,6
36,6
44,6
56,6
44,6
36,6
56,6
36,6
44,6
36,6
36,6
48,6
48,6
44,6
56,6
44,6
32,6
48,6
44,6
44,6
44,6
44,6
44,6
56,6
36,6
36,6
36,6
36,6
24,6
44,6
36,6
56,6
32,6
36,6
56,6
44,6
44,6
44,6
36,6
48,6
48,6
36,6
36,6
32,6
44,6
56,6
44,6
44,6
44,6
24,6
44,6
44,6
32,6
56,6
44,6
44,6
44,6
44,6
36,6
44,6
44,6
44,6
44,6
44,6
44,6
44,6
56,6
44,6
36,6
36,6
36,6
56,6
46,6
48,6
44,6
56,6
32,6
36,6
48,6
44,6
56,6
36,6
36,6
36,6
36,6
24,6
36,6
44,6
36,6
36,6
44,6
32,6
32,6
44,6
36,6
44,6
44,6
36,6
36,6
44,6
44,6
52,6
36,6
36,6
44,6
44,6
36,6
36,6
44,6
44,6
44,6
36,6
44,6
36,6
56,6
44,6
44,6
36,6
44,6
36,6
32,6
44,6
36,6
44,6
44,6
56,6
32,6
44,6
32,6
44,6
44,6
32,6
36,6
48,6
44,6
44,6
36,6
56,6
36,6
48,6
36,6
44,6
44,6
56,6
44,6
44,6
32,6
44,6
48,6
44,6
44,6
36,6
32,6
44,6
44,6
36,6
36,6
44,6
56,6
48,6
32,6
44,6
56,6
44,6
44,6
44,6
56,6
44,6
36,6
36,6
36,6
44,6
56,6
44,6
36,6
36,6
44,6
32,6
44,6
46,6
36,6
36,6
36,6
44,6
44,6
36,6
36,6
44,6
44,6
56,6
56,6
44,6
44,6
44,6
36,6
44,6
48,6
40,6
44,6
44,6
36,6
60,6
44,6
44,6
36,6
44,6
36,6
44,6
36,6
44,6
44,6
44,6
48,6
24,6
36,6
56,6
32,6
44,6
44,6
48,6
44,6
44,6
44,6
44,6
44,6
48,6
32,6
44,6
44,6
36,6
48,6
36,6
48,6
48,6
44,6
48,6
32,6
68,6
44,6
36,6
34,6
32,6
32,6
48,6
44,6
32,6
44,6
36,6
44,6
36,6
32,6
56,6
34,6
56,6
24,6
56,6
56,6
44,6
44,6
32,6
56,6
44,6
36,6
32,6
44,6
50,6
36,6
32,6
44,6
32,6
44,6
32,6
44,6
56,6
44,6
36,6
44,6
44,6
36,6
44,6
48,6
56,6
36,6
36,6
56,6
36,6
40,6
44,6
44,6
44,6
56,6
44,6
36,6
44,6
58,6
32,6
36,6
44,6
32,6
36,6
44,6
48,6
36,6
68,6
48,6
44,6
56,6
48,6
36,6
44,6
32,6
48,6
36,6
36,6
44,6
56,6
48,6
56,6
44,6
40,6
32,6
36,7
36,7
44,7
36,7
36,7
36,7
44,7
44,7
36,7
44,7
44,7
36,7
48,7
36,7
36,7
32,7
40,7
56,7
40,7
36,7
36,7
44,7
44,7
32,7
44,7
44,7
44,7
32,7
32,7
44,7
44,7
44,7
