grandMediansOut,grandLeaguesOut
244,1
456,1
148,1
260,1
180,1
192,1
292,1
204,1
230,1
268,1
284,1
292,1
214,1
248,1
304,1
256,1
204,1
192,1
192,1
192,1
472,1
392,1
460,1
212,1
160,1
192,1
168,1
160,1
304,1
224,1
204,1
188,1
596,1
260,1
224,1
298,1
172,1
236,1
224,1
148,1
192,1
248,1
160,1
160,1
228,1
160,1
354,1
292,1
272,1
270,1
200,1
274,1
248,1
404,1
324,1
268,1
316,1
212,1
188,1
224,1
304,1
248,1
338,1
204,1
200,1
224,1
248,1
316,1
216,1
348,1
212,1
276,1
228,1
252,1
380,1
192,1
136,1
228,1
360,1
204,1
192,1
236,1
202,1
312,1
176,1
200,1
144,1
148,1
212,1
292,1
266,1
100,1
282,1
204,1
168,1
204,1
216,1
216,1
304,1
132,1
272,1
248,1
168,1
224,1
168,1
280,1
214,1
240,1
472,1
204,1
280,1
248,1
236,1
272,1
204,1
170,1
292,1
168,1
184,1
132,1
200,1
236,1
204,1
296,1
284,1
242,1
180,1
372,1
204,1
236,1
312,1
180,1
316,1
380,1
224,1
228,1
268,1
272,1
224,1
392,1
136,1
124,1
280,1
224,1
208,1
212,1
144,1
304,1
260,1
148,1
338,1
256,1
276,1
136,1
284,1
168,1
200,1
240,1
270,1
452,1
248,1
190,1
264,1
296,1
328,1
348,1
260,1
136,2
192,2
236,2
366,2
180,2
328,2
180,2
192,2
180,2
224,2
112,2
428,2
236,2
216,2
148,2
240,2
192,2
224,2
510,2
228,2
226,2
376,2
156,2
232,2
202,2
224,2
196,2
112,2
168,2
204,2
180,2
156,2
248,2
224,2
228,2
148,2
248,2
204,2
284,2
172,2
180,2
224,2
272,2
180,2
192,2
160,2
248,2
248,2
236,2
192,2
144,2
268,2
204,2
204,2
158,2
148,2
260,2
188,2
188,2
236,2
272,2
182,2
242,2
282,2
136,2
236,2
216,2
248,2
182,2
148,2
236,2
156,2
160,2
260,2
372,2
214,2
180,2
404,2
248,2
224,2
220,2
180,2
224,2
256,2
224,2
224,2
280,2
328,2
204,2
224,2
136,2
216,2
180,2
230,2
212,2
136,2
212,2
192,2
280,2
180,2
180,2
216,2
280,2
192,2
228,2
246,2
224,2
174,2
192,2
180,2
190,2
204,2
202,2
286,2
248,2
310,2
292,2
192,2
260,2
310,2
394,2
284,2
272,2
136,2
236,2
248,2
192,2
204,2
236,2
220,2
260,2
372,2
200,2
252,2
300,2
148,2
148,2
236,2
300,2
168,2
136,2
190,2
180,2
204,2
160,2
304,2
292,2
204,2
204,2
192,2
192,2
204,2
172,2
400,2
370,2
304,2
220,2
248,2
236,2
136,2
212,2
330,2
226,2
156,2
148,2
192,2
180,2
180,2
180,2
336,2
204,2
212,2
212,2
228,2
180,2
200,2
216,2
180,2
236,2
136,2
236,2
256,2
212,2
172,2
224,2
212,2
210,2
200,2
160,2
152,2
216,2
236,2
204,2
216,2
148,2
236,2
168,2
148,2
148,2
324,2
248,2
224,2
212,2
192,2
180,2
204,2
236,2
218,2
136,2
204,2
180,2
168,2
168,2
236,2
204,2
340,2
242,2
180,2
208,2
192,2
224,2
216,2
212,2
232,2
204,2
168,2
314,2
280,2
204,2
168,2
214,2
216,2
236,2
180,2
192,2
258,2
170,2
192,2
136,2
230,2
328,2
172,2
144,2
324,2
212,2
148,2
236,2
200,2
246,2
252,2
148,2
112,2
112,2
124,2
236,2
192,2
218,2
192,2
156,2
124,2
136,2
200,2
184,2
124,2
144,2
180,2
304,2
218,2
160,2
180,2
180,2
220,2
156,2
268,2
180,2
236,2
192,2
136,2
180,2
316,2
192,2
124,2
404,2
260,2
332,2
332,2
140,2
222,2
168,2
180,2
216,2
188,2
214,2
144,2
180,2
324,2
192,2
202,2
304,2
160,2
136,2
180,2
180,2
188,2
124,2
360,2
344,2
212,2
212,2
252,2
100,2
200,2
236,2
192,2
144,2
372,2
204,2
180,2
260,2
156,2
248,2
148,2
212,2
268,2
186,2
248,2
180,2
160,2
160,2
208,2
1048,2
224,2
188,2
252,2
252,2
192,2
204,2
280,2
192,2
198,2
216,2
248,2
216,2
248,2
148,2
260,2
338,2
186,3
216,3
192,3
228,3
180,3
204,3
148,3
242,3
168,3
180,3
224,3
180,3
244,3
180,3
144,3
158,3
168,3
216,3
192,3
200,3
148,3
152,3
180,3
132,3
268,3
212,3
266,3
168,3
156,3
180,3
212,3
146,3
204,3
148,3
236,3
148,3
180,3
174,3
184,3
144,3
230,3
220,3
404,3
200,3
316,3
202,3
260,3
180,3
200,3
188,3
224,3
180,3
148,3
156,3
180,3
172,3
156,3
202,3
252,3
252,3
242,3
200,3
168,3
148,3
168,3
192,3
228,3
144,3
172,3
236,3
136,3
356,3
112,3
170,3
192,3
180,3
156,3
208,3
256,3
216,3
180,3
236,3
240,3
204,3
156,3
168,3
144,3
156,3
204,3
208,3
224,3
180,3
428,3
168,3
248,3
196,3
168,3
168,3
140,3
192,3
116,3
180,3
216,3
208,3
180,3
238,3
180,3
132,3
180,3
224,3
192,3
192,3
204,3
192,3
248,3
180,3
328,3
204,3
192,3
236,3
180,3
260,3
148,3
188,3
134,3
136,3
208,3
268,3
204,3
136,3
260,3
192,3
92,3
116,3
192,3
136,3
320,3
168,3
180,3
136,3
112,3
136,3
192,3
144,3
144,3
200,3
136,3
236,3
164,3
224,3
212,3
192,3
136,3
148,3
160,3
140,3
304,3
156,3
248,3
170,3
160,3
236,3
208,3
180,3
236,3
200,3
156,3
224,3
148,3
156,3
286,3
168,3
310,3
316,3
180,3
164,3
172,3
192,3
212,3
216,3
192,3
224,3
302,3
180,3
216,3
136,3
168,3
254,3
220,3
248,3
216,3
156,3
156,3
180,3
214,3
200,3
168,3
204,3
168,3
270,3
230,3
204,3
168,3
292,3
200,3
204,3
168,3
124,3
136,3
180,3
148,3
204,3
180,3
228,3
160,3
304,3
192,3
180,3
192,3
192,3
200,3
248,3
180,3
324,3
172,3
224,3
408,3
136,3
180,3
236,3
224,3
224,3
352,3
144,3
192,3
216,3
128,3
192,3
168,3
136,3
200,3
192,3
136,3
192,3
180,3
148,3
236,3
216,3
152,3
204,3
132,3
192,3
204,3
224,3
212,3
180,3
136,3
224,3
168,3
136,3
236,3
156,3
272,3
340,3
144,3
192,3
160,3
136,3
200,3
156,3
168,3
148,3
228,3
200,3
136,3
144,3
156,3
280,3
148,3
136,3
156,3
124,3
180,3
212,3
180,3
204,3
188,3
180,3
180,3
160,3
192,3
144,3
144,3
180,3
148,3
276,3
156,3
180,3
248,3
158,3
136,3
216,3
168,3
156,3
248,3
280,3
156,3
172,3
238,3
236,3
132,3
156,3
148,3
192,3
136,3
180,3
192,3
180,3
156,3
116,3
168,3
212,3
246,3
112,3
112,3
180,3
180,3
204,3
236,3
248,3
180,3
224,3
156,3
264,3
156,3
192,3
268,3
252,3
192,3
280,3
272,3
180,3
116,3
252,3
212,3
136,3
162,3
204,3
294,3
336,3
180,3
268,3
254,3
124,3
200,3
212,3
260,3
168,3
204,3
156,3
180,3
316,3
164,3
156,3
236,3
272,3
280,3
112,3
136,3
180,3
192,3
160,3
168,3
136,3
392,3
192,3
180,3
224,3
112,3
136,3
180,3
200,3
212,3
192,3
100,3
204,3
192,3
204,3
160,3
316,3
156,3
192,3
180,3
212,3
192,3
172,3
136,3
124,3
220,3
156,3
180,3
310,3
192,3
136,3
192,3
180,3
224,3
168,3
168,3
204,3
208,3
224,3
224,3
280,3
236,3
148,3
170,3
156,3
156,3
224,3
160,3
180,3
156,3
212,3
180,3
200,3
192,3
260,3
144,3
372,3
204,3
192,3
156,3
156,3
320,3
156,3
224,3
224,3
236,3
124,3
192,3
292,3
260,3
172,3
224,3
204,3
168,3
248,3
136,3
168,3
204,3
180,3
224,3
156,3
156,3
136,3
148,3
112,3
204,3
144,3
192,3
236,3
136,3
124,3
168,3
180,3
268,3
158,3
156,3
192,3
362,3
136,3
200,3
136,3
200,3
168,3
236,3
156,3
298,3
136,3
268,3
168,3
180,3
144,3
246,3
312,3
332,3
168,3
136,3
156,3
192,3
224,3
180,3
224,3
192,3
182,3
224,3
248,3
124,3
180,3
280,3
160,3
214,3
304,3
226,3
192,3
136,3
112,3
148,3
180,3
212,3
180,3
304,3
180,3
226,3
224,3
124,3
180,3
168,3
204,3
168,3
246,3
180,3
180,3
212,3
168,3
180,3
192,3
168,3
192,3
136,3
280,3
204,3
224,3
180,3
192,3
280,3
212,3
270,3
204,3
268,3
192,3
158,3
200,3
180,3
192,3
156,3
180,3
176,4
124,4
168,4
186,4
156,4
216,4
192,4
160,4
192,4
168,4
156,4
192,4
180,4
148,4
204,4
132,4
168,4
192,4
124,4
136,4
192,4
134,4
180,4
136,4
160,4
168,4
208,4
160,4
148,4
168,4
212,4
188,4
168,4
204,4
268,4
160,4
168,4
136,4
148,4
248,4
124,4
204,4
148,4
168,4
236,4
258,4
168,4
146,4
180,4
148,4
176,4
248,4
180,4
164,4
168,4
200,4
132,4
156,4
112,4
136,4
148,4
180,4
168,4
192,4
168,4
132,4
148,4
248,4
156,4
148,4
156,4
124,4
212,4
160,4
112,4
208,4
348,4
168,4
180,4
148,4
156,4
124,4
156,4
112,4
336,4
280,4
192,4
148,4
180,4
136,4
124,4
144,4
144,4
168,4
218,4
124,4
168,4
224,4
224,4
124,4
100,4
160,4
148,4
136,4
168,4
148,4
112,4
200,4
132,4
260,4
204,4
112,4
172,4
144,4
168,4
124,4
144,4
220,4
168,4
226,4
172,4
188,4
212,4
216,4
148,4
204,4
160,4
136,4
200,4
258,4
160,4
168,4
168,4
260,4
180,4
160,4
294,4
136,4
144,4
180,4
230,4
184,4
180,4
156,4
248,4
192,4
192,4
216,4
196,4
124,4
172,4
180,4
216,4
136,4
248,4
148,4
192,4
168,4
156,4
112,4
160,4
204,4
204,4
168,4
204,4
112,4
256,4
156,4
112,4
144,4
236,4
204,4
248,4
180,4
136,4
112,4
156,4
236,4
204,4
180,4
158,4
180,4
160,4
212,4
184,4
168,4
192,4
168,4
170,4
196,4
156,4
236,4
208,4
180,4
156,4
280,4
180,4
128,4
160,4
132,4
204,4
172,4
104,4
124,4
124,4
140,4
214,4
152,4
136,4
168,4
120,4
204,4
232,4
172,4
192,4
224,4
224,4
136,4
136,4
168,4
168,4
148,4
236,4
144,4
144,4
164,4
206,4
212,4
212,4
142,4
148,4
144,4
160,4
148,4
180,4
144,4
148,4
220,4
192,4
124,4
180,4
200,4
184,4
136,4
294,4
168,4
180,4
124,4
228,4
148,4
192,4
180,4
168,4
144,4
180,4
146,4
156,4
180,4
136,4
192,4
136,4
148,4
242,4
144,4
192,4
204,4
180,4
136,4
192,4
248,4
148,4
180,4
168,4
192,4
136,4
236,4
168,4
124,4
224,4
236,4
192,4
128,4
180,4
248,4
204,4
144,4
156,4
272,4
260,4
180,4
236,4
160,4
224,4
180,4
180,4
260,4
184,4
260,4
158,4
148,4
156,4
156,4
112,4
212,4
180,4
156,4
248,4
192,4
116,4
192,4
104,4
136,4
204,4
136,4
200,4
156,4
136,4
144,4
216,4
124,4
148,4
196,4
172,4
188,4
120,4
124,4
136,4
246,4
112,4
168,4
168,4
136,4
168,4
124,4
132,4
224,4
144,4
164,4
224,4
180,4
148,4
124,4
192,4
160,4
180,4
148,4
132,4
144,4
148,4
200,4
260,4
212,4
144,4
260,4
200,4
160,4
168,4
304,4
242,4
204,4
164,4
192,4
204,4
234,4
170,4
136,4
260,4
148,4
280,4
192,4
144,4
136,4
204,4
148,4
174,4
156,4
172,4
224,4
216,4
136,4
176,4
180,4
160,4
112,4
152,4
136,4
156,4
180,4
228,4
202,4
156,4
160,4
148,4
136,4
188,4
168,4
192,4
192,4
136,4
136,4
180,4
168,4
188,4
224,4
168,4
180,4
118,4
160,4
160,4
328,4
148,4
136,4
160,4
248,4
190,4
192,4
136,4
216,4
156,4
136,4
156,4
180,4
232,4
260,4
148,4
168,4
124,4
124,4
212,4
130,4
192,4
216,4
180,4
168,4
124,4
200,4
128,4
204,4
172,4
168,4
180,4
190,4
248,4
128,4
192,4
112,4
156,4
192,4
180,4
200,4
168,4
188,4
112,4
204,4
168,4
188,4
200,4
160,4
112,4
144,4
180,4
180,4
204,4
224,4
216,4
148,4
192,4
202,4
156,4
204,4
160,4
112,4
124,4
152,4
168,4
192,4
124,4
144,4
224,4
204,4
224,4
168,4
190,4
156,4
168,4
212,4
100,4
168,4
168,4
124,4
148,4
180,4
212,4
112,4
132,4
132,4
180,4
144,4
156,4
140,4
168,4
260,4
190,4
104,4
148,4
192,4
212,4
180,4
180,4
168,4
124,4
144,4
156,4
144,4
156,4
168,4
148,4
172,4
184,4
204,4
212,4
136,4
192,4
148,4
128,4
156,4
148,4
180,4
212,4
224,4
148,4
236,4
136,4
168,4
176,4
260,4
188,4
156,4
156,4
160,4
156,4
212,4
304,4
168,4
144,4
180,4
100,4
168,4
168,4
156,4
212,4
200,4
144,4
180,4
112,4
148,4
232,4
148,4
136,4
156,4
216,4
156,4
168,4
168,4
180,4
136,4
192,4
156,4
272,4
144,4
190,4
168,4
192,4
192,4
144,4
144,4
216,4
192,4
136,4
180,4
180,4
148,4
124,4
120,4
224,4
172,4
174,4
156,4
196,4
236,4
144,4
124,4
248,4
144,4
144,4
180,4
180,4
120,4
174,4
148,4
124,4
136,4
144,4
174,4
180,4
180,4
148,4
192,4
136,4
180,4
186,4
104,4
124,4
124,4
168,4
112,4
248,4
208,4
156,4
136,4
372,4
144,4
268,4
136,4
180,4
112,4
168,4
216,4
168,4
144,4
148,4
180,4
204,4
144,4
104,4
312,4
146,4
156,4
144,4
136,4
228,4
100,4
144,4
132,4
148,4
148,4
226,4
180,4
136,4
224,4
136,4
180,4
180,4
220,4
168,4
192,4
168,4
180,4
136,4
136,4
196,4
148,4
160,4
188,4
156,4
144,4
136,4
148,4
224,4
168,4
164,4
256,4
112,4
136,4
180,4
184,4
124,4
380,4
160,4
160,4
260,4
132,4
200,4
148,4
312,4
180,4
158,4
168,4
92,4
160,4
342,4
124,4
144,4
136,4
128,4
192,4
156,4
156,4
124,4
214,4
136,4
124,4
202,4
148,4
172,4
174,4
180,4
124,4
186,4
156,4
192,4
236,4
168,4
172,4
190,4
148,4
168,4
104,4
248,4
168,4
124,4
180,4
180,4
180,4
248,4
180,4
160,4
156,4
136,4
152,4
144,4
144,4
152,4
148,4
124,4
124,4
168,4
124,4
134,4
156,4
180,4
156,4
180,4
192,4
200,4
168,4
348,4
156,4
226,4
326,4
172,4
156,4
144,4
156,4
136,4
248,4
148,4
136,4
132,4
192,4
248,4
216,4
264,4
236,4
168,4
136,4
192,4
190,4
148,4
144,4
200,4
124,4
152,4
168,4
136,4
212,4
168,4
204,4
112,4
168,4
336,4
192,4
176,4
224,4
168,4
148,4
156,4
148,4
168,4
144,4
168,4
192,4
180,4
144,4
188,4
304,4
156,4
212,4
248,4
168,4
172,4
112,4
148,4
116,5
148,5
188,5
136,5
124,5
92,5
124,5
124,5
180,5
160,5
116,5
144,5
144,5
168,5
148,5
148,5
168,5
104,5
124,5
136,5
114,5
156,5
156,5
148,5
108,5
136,5
168,5
200,5
212,5
148,5
112,5
156,5
180,5
192,5
148,5
144,5
180,5
112,5
148,5
136,5
168,5
136,5
160,5
158,5
168,5
192,5
156,5
148,5
112,5
200,5
180,5
124,5
136,5
112,5
148,5
100,5
144,5
144,5
224,5
148,5
180,5
168,5
112,5
168,5
168,5
136,5
134,5
156,5
192,5
124,5
148,5
168,5
168,5
104,5
120,5
260,5
204,5
112,5
132,5
144,5
156,5
248,5
134,5
180,5
156,5
132,5
144,5
160,5
124,5
168,5
204,5
168,5
124,5
204,5
172,5
128,5
168,5
172,5
132,5
148,5
156,5
180,5
156,5
192,5
148,5
112,5
100,5
180,5
112,5
168,5
124,5
132,5
136,5
132,5
172,5
112,5
148,5
136,5
156,5
124,5
124,5
144,5
100,5
114,5
144,5
156,5
112,5
160,5
156,5
168,5
144,5
156,5
124,5
168,5
164,5
168,5
160,5
144,5
156,5
208,5
112,5
160,5
172,5
124,5
152,5
148,5
112,5
180,5
124,5
148,5
164,5
236,5
160,5
124,5
168,5
180,5
168,5
168,5
136,5
168,5
224,5
160,5
144,5
144,5
144,5
180,5
156,5
190,5
252,5
236,5
102,5
136,5
152,5
132,5
136,5
100,5
136,5
168,5
144,5
168,5
136,5
156,5
112,5
192,5
180,5
136,5
176,5
112,5
156,5
256,5
224,5
148,5
92,5
124,5
136,5
304,5
192,5
168,5
116,5
156,5
200,5
148,5
216,5
224,5
100,5
180,5
144,5
124,5
148,5
148,5
158,5
156,5
112,5
200,5
168,5
216,5
136,5
148,5
156,5
168,5
160,5
144,5
136,5
104,5
272,5
294,5
180,5
124,5
112,5
144,5
136,5
144,5
224,5
168,5
148,5
116,5
124,5
136,5
180,5
148,5
168,5
132,5
160,5
148,5
88,5
192,5
236,5
156,5
136,5
156,5
92,5
128,5
148,5
236,5
100,5
212,5
112,5
200,5
136,5
124,5
136,5
236,5
104,5
104,5
214,5
132,5
104,5
112,5
88,5
124,5
120,5
100,5
180,5
148,5
212,5
124,5
112,5
158,5
268,5
236,5
200,5
124,5
148,5
204,5
148,5
180,5
180,5
148,5
158,5
136,5
112,5
104,5
144,5
180,5
192,5
124,5
112,5
114,5
216,5
112,5
124,5
124,5
124,5
232,5
146,5
136,5
136,5
128,5
190,5
136,5
112,5
180,5
132,5
156,5
168,5
124,5
112,5
292,5
200,5
144,5
124,5
124,5
240,5
112,5
212,5
112,5
180,5
112,5
136,5
192,5
216,5
148,5
156,5
186,5
124,5
136,5
124,5
124,5
100,5
230,5
124,5
132,5
112,5
200,5
156,5
124,5
168,5
192,5
134,5
124,5
148,5
172,5
324,5
180,5
192,5
168,5
136,5
156,5
148,5
160,5
100,5
112,5
112,5
168,5
112,5
104,5
224,5
180,5
168,5
144,5
124,5
224,5
152,5
100,5
134,5
156,5
136,5
202,5
180,5
124,5
180,5
168,5
144,5
200,5
132,5
136,5
224,5
148,5
136,5
160,5
160,5
156,5
104,5
112,5
116,5
136,5
164,5
224,5
100,5
148,5
192,5
132,5
144,5
92,5
112,5
180,5
156,5
148,5
156,5
158,5
124,5
112,5
136,5
132,5
160,5
124,5
144,5
148,5
148,5
136,5
180,5
160,5
272,5
294,5
226,5
148,5
100,5
148,5
180,5
124,5
180,5
160,5
176,5
116,5
92,5
124,5
112,5
168,5
156,5
168,5
100,5
148,5
144,5
168,5
156,5
200,5
180,5
136,5
180,5
100,5
148,5
156,5
136,5
180,5
136,5
212,5
144,5
148,5
136,5
148,5
92,5
192,5
192,5
144,5
116,5
156,5
236,5
136,5
188,5
136,5
112,5
188,5
168,5
136,5
170,5
124,5
186,5
136,5
136,5
160,5
136,5
180,5
156,5
124,5
140,5
148,5
200,5
156,5
144,5
192,5
148,5
176,5
200,5
180,5
236,5
144,5
124,5
204,5
124,5
104,5
148,5
136,5
156,5
180,5
180,5
160,5
144,5
164,5
168,5
124,5
112,5
144,5
192,5
124,5
136,5
236,5
180,5
276,5
132,5
174,5
112,5
144,5
208,5
180,5
104,5
200,5
148,5
212,5
144,5
104,5
104,5
124,5
148,5
158,5
124,5
168,5
180,5
174,5
168,5
128,5
180,5
132,5
172,5
232,5
240,5
112,5
160,5
168,5
174,5
132,5
124,5
132,5
136,5
136,5
120,5
212,5
156,5
148,5
146,5
104,5
144,5
136,5
216,5
180,5
132,5
188,5
146,5
112,5
124,5
160,5
320,5
180,5
144,5
148,5
212,5
160,5
112,5
156,5
144,5
216,5
144,5
248,5
144,5
192,5
212,5
148,5
148,5
200,5
168,5
124,5
274,5
124,5
144,5
124,5
180,5
168,5
180,5
216,5
124,5
148,5
124,5
124,5
144,5
168,5
144,5
156,5
132,5
156,5
168,5
124,5
100,5
180,5
140,5
200,5
156,5
192,5
232,5
116,5
112,5
136,5
156,5
172,5
196,5
156,5
132,5
124,5
144,5
136,5
160,5
124,5
148,5
148,5
136,5
180,5
132,5
136,5
120,5
156,5
124,5
136,5
156,5
188,5
124,5
112,5
246,5
156,5
190,5
144,5
148,5
168,5
180,5
136,5
170,5
124,5
132,5
192,5
144,5
172,5
134,5
124,5
180,5
244,5
136,5
158,5
160,5
156,5
168,5
136,5
116,5
180,5
124,5
112,5
136,5
124,5
168,5
160,5
270,5
148,5
144,5
132,5
168,5
158,5
112,5
124,5
136,5
148,5
136,5
148,5
136,5
148,5
92,5
164,5
168,5
148,5
116,5
136,5
124,5
124,5
218,5
172,5
136,5
124,5
144,5
124,5
172,5
136,5
136,5
248,5
156,5
112,5
192,5
180,5
148,5
136,5
112,5
88,5
190,5
144,5
116,5
148,5
204,5
132,5
112,5
156,5
192,5
186,5
180,5
148,5
200,5
236,5
124,5
148,5
180,5
100,5
112,5
120,5
164,5
192,5
88,5
148,5
256,5
156,5
160,5
176,5
144,5
100,5
180,5
172,5
156,5
124,5
152,5
112,5
100,5
132,5
124,5
144,5
148,5
180,5
136,5
124,5
144,5
172,5
124,5
180,5
192,5
136,5
112,5
180,5
156,5
180,5
180,5
192,5
204,5
156,5
124,5
228,5
108,5
158,5
156,5
180,5
168,5
124,5
192,5
144,5
148,5
148,5
148,5
192,5
170,5
152,5
192,5
92,5
168,5
124,5
180,5
112,5
180,5
168,5
168,5
124,5
112,6
112,6
168,6
112,6
144,6
180,6
112,6
124,6
148,6
108,6
112,6
112,6
160,6
136,6
148,6
180,6
148,6
168,6
148,6
112,6
92,6
180,6
148,6
144,6
120,6
136,6
100,6
148,6
156,6
204,6
88,6
160,6
136,6
184,6
132,6
104,6
80,6
112,6
136,6
180,6
192,6
136,6
168,6
168,6
124,6
180,6
112,6
152,6
136,6
124,6
140,6
100,6
156,6
144,6
140,6
136,6
136,6
148,6
168,6
188,6
144,6
168,6
136,6
112,6
112,6
156,6
146,6
144,6
200,6
112,6
180,6
140,6
132,6
144,6
88,6
124,6
148,6
192,6
182,6
124,6
180,6
136,6
124,6
148,6
116,6
192,6
136,6
80,6
216,6
224,6
100,6
112,6
148,6
136,6
160,6
124,6
132,6
136,6
180,6
116,6
170,6
176,6
156,6
124,6
124,6
112,6
96,6
124,6
112,6
88,6
124,6
124,6
100,6
100,6
148,6
212,6
100,6
124,6
196,6
156,6
124,6
156,6
180,6
124,6
124,6
124,6
112,6
148,6
196,6
104,6
124,6
136,6
88,6
112,6
136,6
202,6
144,6
136,6
136,6
116,6
156,6
124,6
92,6
100,6
140,6
168,6
208,6
192,6
100,6
148,6
124,6
116,6
112,6
116,6
102,6
192,6
132,6
148,6
168,6
92,6
100,6
132,6
80,6
148,6
144,6
168,6
124,6
100,6
230,6
160,6
132,6
124,6
124,6
92,6
100,6
100,6
128,6
168,6
136,6
124,6
92,6
148,6
148,6
144,6
100,6
112,6
156,6
156,6
112,6
100,6
100,6
132,6
124,6
124,6
168,6
136,6
112,6
112,6
80,6
168,6
112,6
190,6
114,6
100,6
124,6
100,6
80,6
158,6
104,6
124,6
112,6
168,6
172,6
124,6
148,6
88,6
112,6
148,6
112,6
180,6
156,6
136,6
144,6
168,6
168,6
124,6
136,6
160,6
212,6
122,6
136,6
132,6
112,6
144,6
156,6
140,6
200,6
124,6
144,6
132,6
104,6
188,6
104,6
136,6
136,6
104,6
156,6
132,6
316,6
112,6
92,6
80,6
136,6
124,6
88,6
92,6
132,6
212,6
214,6
136,6
100,6
192,6
124,6
224,6
88,6
180,6
120,6
112,6
156,6
280,6
136,6
136,6
124,6
112,6
112,6
236,6
136,6
124,6
128,6
198,6
124,6
124,6
124,6
180,6
80,6
132,6
132,6
180,6
124,6
172,6
100,6
112,6
124,6
144,6
112,6
124,6
88,6
112,6
156,6
88,6
180,6
124,6
112,6
156,6
124,6
202,6
112,6
168,6
100,6
136,6
112,6
168,6
148,6
88,6
80,6
124,6
136,6
124,6
116,6
100,6
168,6
136,6
168,6
228,6
156,6
112,6
136,6
100,6
148,6
186,6
144,6
136,6
192,6
136,6
204,6
144,6
168,6
112,6
168,6
136,6
112,6
156,6
148,6
180,6
124,6
112,6
88,6
80,6
112,6
112,6
104,6
124,6
148,6
112,6
144,6
148,6
136,6
112,6
88,6
100,6
168,6
136,6
158,6
124,6
160,6
268,6
236,6
136,6
192,6
228,6
160,6
112,6
100,6
112,6
144,6
112,6
156,6
136,6
92,6
124,6
172,6
68,6
112,6
124,6
112,6
148,6
180,6
104,6
156,6
188,6
124,6
112,6
148,6
112,6
136,6
136,6
92,6
208,6
144,6
124,6
100,6
124,6
136,6
156,6
216,6
144,6
124,6
144,6
164,6
116,6
124,6
112,6
180,6
112,6
136,6
144,6
112,6
92,6
148,6
128,6
128,6
156,6
100,6
156,6
148,6
136,6
148,6
88,6
148,6
92,6
136,6
136,6
160,6
136,6
180,6
80,6
136,6
192,6
100,6
180,6
100,6
148,6
160,6
136,6
134,6
100,6
144,6
124,6
132,6
124,6
104,6
136,6
116,6
168,6
124,6
168,6
160,6
132,6
100,6
100,6
132,6
202,6
134,6
80,6
124,6
160,6
144,6
100,6
136,6
112,6
88,6
80,6
104,6
168,6
156,6
100,6
92,6
124,6
124,6
136,6
136,6
158,6
124,6
124,6
144,6
212,6
156,6
180,6
100,6
124,6
182,6
160,6
124,6
168,6
176,6
112,6
124,6
124,6
132,6
112,6
116,6
148,6
176,6
156,6
180,6
202,6
156,6
112,6
112,6
132,6
144,6
112,6
168,6
128,6
148,6
168,6
180,6
156,6
112,6
204,6
136,6
148,6
204,6
112,6
112,6
168,6
204,6
156,6
180,6
196,6
124,6
88,6
124,6
148,6
134,6
160,6
148,6
124,6
100,6
156,6
156,6
80,6
160,6
136,6
180,6
188,6
156,6
146,6
124,6
148,6
140,6
152,6
202,6
136,6
238,6
100,6
168,6
112,6
136,6
100,6
168,6
144,6
180,6
180,6
100,6
124,6
100,6
92,6
88,6
124,6
136,6
116,6
136,6
144,6
124,6
148,6
168,6
116,6
192,6
136,6
112,6
124,6
112,6
180,6
168,6
148,6
116,6
180,6
88,6
112,6
120,6
112,6
168,6
144,6
136,6
112,6
136,6
92,6
124,6
104,6
136,6
132,6
136,6
156,6
180,6
216,6
152,6
112,6
112,6
136,6
80,7
68,7
136,7
104,7
144,7
100,7
124,7
136,7
100,7
104,7
112,7
100,7
160,7
100,7
88,7
124,7
144,7
124,7
156,7
92,7
100,7
136,7
112,7
112,7
132,7
112,7
112,7
112,7
144,7
100,7
136,7
104,7
